% Intrinsic and Extrinsic Camera Parameters
%
% This script file can be directly executed under Matlab to recover the camera intrinsic and extrinsic parameters.
% IMPORTANT: This file contains neither the structure of the calibration objects nor the image coordinates of the calibration points.
%            All those complementary variables are saved in the complete matlab data file Calib_Results.mat.
% For more information regarding the calibration model visit http://www.vision.caltech.edu/bouguetj/calib_doc/


%-- Focal length:
fc = [ 657.325387752224510 ; 657.788059276282520 ];

%-- Principal point:
cc = [ 303.063593373136830 ; 242.507287276070660 ];

%-- Skew coefficient:
alpha_c = 0.000000000000000;

%-- Distortion coefficients:
kc = [ -0.253421229468817 ; 0.119728670645903 ; -0.000275686471966 ; 0.000013397850610 ; 0.000000000000000 ];

%-- Focal length uncertainty:
fc_error = [ 0.283228706691802 ; 0.287738711147572 ];

%-- Principal point uncertainty:
cc_error = [ 0.575418213885158 ; 0.550257821302544 ];

%-- Skew coefficient uncertainty:
alpha_c_error = 0.000000000000000;

%-- Distortion coefficients uncertainty:
kc_error = [ 0.002297126764899 ; 0.009365153351399 ; 0.000121044851308 ; 0.000119675613117 ; 0.000000000000000 ];

%-- Image size:
nx = 640;
ny = 480;


%-- Various other variables (may be ignored if you do not use the Matlab Calibration Toolbox):
%-- Those variables are used to control which intrinsic parameters should be optimized

n_ima = 25;						% Number of calibration images
est_fc = [ 1 ; 1 ];					% Estimation indicator of the two focal variables
est_aspect_ratio = 1;				% Estimation indicator of the aspect ratio fc(2)/fc(1)
center_optim = 1;					% Estimation indicator of the principal point
est_alpha = 0;						% Estimation indicator of the skew coefficient
est_dist = [ 1 ; 1 ; 1 ; 1 ; 0 ];	% Estimation indicator of the distortion coefficients


%-- Extrinsic parameters:
%-- The rotation (omc_kk) and the translation (Tc_kk) vectors for every calibration image and their uncertainties

%-- Image #1:
omc_1 = [ 2.337234e-03 ; 2.723992e+00 ; -1.293436e+00 ];
Tc_1  = [ 1.794638e+02 ; -6.487932e+01 ; 8.941716e+02 ];
omc_error_1 = [ 6.362800e-04 ; 1.074040e-03 ; 1.359668e-03 ];
Tc_error_1  = [ 7.837859e-01 ; 7.571567e-01 ; 3.862791e-01 ];

%-- Image #2:
omc_2 = [ -4.015055e-02 ; 2.915441e+00 ; -7.969213e-01 ];
Tc_2  = [ 2.023054e+02 ; -1.389528e+02 ; 7.962302e+02 ];
omc_error_2 = [ 4.727159e-04 ; 1.115111e-03 ; 1.578038e-03 ];
Tc_error_2  = [ 7.007240e-01 ; 6.761290e-01 ; 3.835792e-01 ];

%-- Image #3:
omc_3 = [ -2.637775e-01 ; 3.005973e+00 ; -8.183928e-01 ];
Tc_3  = [ 2.295994e+02 ; -1.148243e+02 ; 7.647782e+02 ];
omc_error_3 = [ 5.241622e-04 ; 1.098799e-03 ; 1.648085e-03 ];
Tc_error_3  = [ 6.727985e-01 ; 6.502589e-01 ; 3.987047e-01 ];

%-- Image #4:
omc_4 = [ 1.882899e-01 ; -2.572155e+00 ; 8.517345e-01 ];
Tc_4  = [ 2.601326e+02 ; -1.563340e+02 ; 6.233553e+02 ];
omc_error_4 = [ 4.677582e-04 ; 9.965275e-04 ; 1.281310e-03 ];
Tc_error_4  = [ 5.531944e-01 ; 5.410498e-01 ; 3.983556e-01 ];

%-- Image #5:
omc_5 = [ -6.576945e-01 ; 2.341311e+00 ; -1.057574e+00 ];
Tc_5  = [ 1.837030e+02 ; -1.308071e+01 ; 8.192301e+02 ];
omc_error_5 = [ 7.294979e-04 ; 8.855616e-04 ; 1.156243e-03 ];
Tc_error_5  = [ 7.224140e-01 ; 6.877483e-01 ; 3.416296e-01 ];

%-- Image #6:
omc_6 = [ -1.781443e-01 ; 2.840550e+00 ; 1.101518e+00 ];
Tc_6  = [ 2.072016e+02 ; -5.226553e+01 ; 4.898676e+02 ];
omc_error_6 = [ 5.458268e-04 ; 1.020025e-03 ; 1.329518e-03 ];
Tc_error_6  = [ 4.316336e-01 ; 4.229693e-01 ; 3.316787e-01 ];

%-- Image #7:
omc_7 = [ 3.922772e-02 ; 2.368000e+00 ; 7.254708e-01 ];
Tc_7  = [ 2.002276e+02 ; -1.524975e+02 ; 6.493516e+02 ];
omc_error_7 = [ 5.714774e-04 ; 9.539302e-04 ; 1.098461e-03 ];
Tc_error_7  = [ 5.707325e-01 ; 5.531356e-01 ; 3.623313e-01 ];

%-- Image #8:
omc_8 = [ 8.298387e-02 ; 2.294358e+00 ; 6.655621e-01 ];
Tc_8  = [ 9.223821e+01 ; -1.927035e+02 ; 6.917073e+02 ];
omc_error_8 = [ 5.386184e-04 ; 9.366966e-04 ; 1.081231e-03 ];
Tc_error_8  = [ 6.103959e-01 ; 5.818893e-01 ; 3.491497e-01 ];

%-- Image #9:
omc_9 = [ 4.392390e-01 ; -2.381592e+00 ; -4.174252e-01 ];
Tc_9  = [ 2.567033e+02 ; -7.575653e+01 ; 5.272394e+02 ];
omc_error_9 = [ 4.979336e-04 ; 1.032366e-03 ; 1.221586e-03 ];
Tc_error_9  = [ 4.956823e-01 ; 4.715082e-01 ; 4.515514e-01 ];

%-- Image #10:
omc_10 = [ 4.120387e-01 ; -2.585877e+00 ; -3.953326e-01 ];
Tc_10  = [ 2.711183e+02 ; -1.720772e+02 ; 7.091940e+02 ];
omc_error_10 = [ 4.655632e-04 ; 1.306346e-03 ; 1.657157e-03 ];
Tc_error_10  = [ 6.636221e-01 ; 6.253584e-01 ; 6.081583e-01 ];

%-- Image #11:
omc_11 = [ 2.128129e-01 ; -3.019750e+00 ; -7.766159e-01 ];
Tc_11  = [ 2.055700e+02 ; -1.865899e+02 ; 7.110709e+02 ];
omc_error_11 = [ 4.828104e-04 ; 1.274823e-03 ; 1.858311e-03 ];
Tc_error_11  = [ 6.410795e-01 ; 6.266691e-01 ; 5.108468e-01 ];

%-- Image #12:
omc_12 = [ -1.905817e-01 ; 3.012284e+00 ; 7.374100e-01 ];
Tc_12  = [ 2.235962e+02 ; -1.374068e+02 ; 6.272870e+02 ];
omc_error_12 = [ 4.043899e-04 ; 1.174837e-03 ; 1.656105e-03 ];
Tc_error_12  = [ 5.598971e-01 ; 5.484783e-01 ; 4.369220e-01 ];

%-- Image #13:
omc_13 = [ -1.437879e-01 ; 2.934065e+00 ; 6.702086e-01 ];
Tc_13  = [ 2.227055e+02 ; -1.205427e+02 ; 5.971706e+02 ];
omc_error_13 = [ 3.957456e-04 ; 1.109301e-03 ; 1.541815e-03 ];
Tc_error_13  = [ 5.292579e-01 ; 5.181184e-01 ; 4.002395e-01 ];

%-- Image #14:
omc_14 = [ -1.224688e-01 ; 2.931550e+00 ; 6.286363e-01 ];
Tc_14  = [ 2.316410e+02 ; -1.191949e+02 ; 5.462055e+02 ];
omc_error_14 = [ 3.790261e-04 ; 1.066957e-03 ; 1.485894e-03 ];
Tc_error_14  = [ 4.843834e-01 ; 4.765630e-01 ; 3.747969e-01 ];

%-- Image #15:
omc_15 = [ -9.528776e-02 ; 2.905347e+00 ; 3.445746e-01 ];
Tc_15  = [ 1.518611e+02 ; -1.205452e+02 ; 5.535612e+02 ];
omc_error_15 = [ 3.018046e-04 ; 1.079254e-03 ; 1.535708e-03 ];
Tc_error_15  = [ 4.886171e-01 ; 4.706952e-01 ; 3.338517e-01 ];

%-- Image #16:
omc_16 = [ -3.297043e-01 ; 3.099229e+00 ; -2.753371e-01 ];
Tc_16  = [ 3.360444e+02 ; -9.477886e+01 ; 6.934138e+02 ];
omc_error_16 = [ 4.066582e-04 ; 1.384260e-03 ; 2.096918e-03 ];
Tc_error_16  = [ 6.122063e-01 ; 6.081626e-01 ; 4.799722e-01 ];

%-- Image #17:
omc_17 = [ 2.648427e-01 ; -2.772511e+00 ; -8.686319e-01 ];
Tc_17  = [ 2.099149e+02 ; -5.379274e+01 ; 4.330894e+02 ];
omc_error_17 = [ 5.355627e-04 ; 9.808763e-04 ; 1.302872e-03 ];
Tc_error_17  = [ 3.872294e-01 ; 3.816146e-01 ; 3.361271e-01 ];

%-- Image #18:
omc_18 = [ 2.759406e-01 ; -2.386191e+00 ; -1.127810e+00 ];
Tc_18  = [ 1.252729e+02 ; -2.267397e+01 ; 3.192067e+02 ];
omc_error_18 = [ 6.495152e-04 ; 9.487255e-04 ; 1.053602e-03 ];
Tc_error_18  = [ 2.860155e-01 ; 2.766599e-01 ; 2.612171e-01 ];

%-- Image #19:
omc_19 = [ 5.442678e-02 ; 2.335515e+00 ; 1.001672e+00 ];
Tc_19  = [ 1.902868e+02 ; -1.725713e+02 ; 5.151791e+02 ];
omc_error_19 = [ 5.964361e-04 ; 9.291365e-04 ; 1.034862e-03 ];
Tc_error_19  = [ 4.572950e-01 ; 4.438450e-01 ; 3.155417e-01 ];

%-- Image #20:
omc_20 = [ 1.821707e-01 ; 2.099484e+00 ; 6.583558e-01 ];
Tc_20  = [ 6.631910e+01 ; -2.193064e+02 ; 6.573422e+02 ];
omc_error_20 = [ 5.863683e-04 ; 8.981408e-04 ; 9.628444e-04 ];
Tc_error_20  = [ 5.829905e-01 ; 5.517040e-01 ; 3.300868e-01 ];

%-- Image #21:
omc_21 = [ 1.579853e-01 ; 2.163419e+00 ; 6.801178e-01 ];
Tc_21  = [ 1.463987e+02 ; -2.062232e+02 ; 6.552375e+02 ];
omc_error_21 = [ 6.052838e-04 ; 9.190646e-04 ; 9.846517e-04 ];
Tc_error_21  = [ 5.792777e-01 ; 5.534161e-01 ; 3.514202e-01 ];

%-- Image #22:
omc_22 = [ 2.706267e-01 ; 2.521013e+00 ; 1.393252e-01 ];
Tc_22  = [ 8.806487e+01 ; -2.252116e+02 ; 7.411171e+02 ];
omc_error_22 = [ 4.104057e-04 ; 1.009282e-03 ; 1.328128e-03 ];
Tc_error_22  = [ 6.573153e-01 ; 6.205165e-01 ; 3.726271e-01 ];

%-- Image #23:
omc_23 = [ 2.695538e-01 ; -2.365422e+00 ; -9.745948e-01 ];
Tc_23  = [ 1.328299e+02 ; -5.457398e+01 ; 4.323708e+02 ];
