% Intrinsic and Extrinsic Camera Parameters
%
% This script file can be directly executed under Matlab to recover the camera intrinsic and extrinsic parameters.
% IMPORTANT: This file contains neither the structure of the calibration objects nor the image coordinates of the calibration points.
%            All those complementary variables are saved in the complete matlab data file Calib_Results.mat.
% For more information regarding the calibration model visit http://www.vision.caltech.edu/bouguetj/calib_doc/


%-- Focal length:
fc = [ 1337.358683662614600 ; 1334.576723182819000 ];

%-- Principal point:
cc = [ 672.175351705978640 ; 512.795802890443040 ];

%-- Skew coefficient:
alpha_c = 0.000000000000000;

%-- Distortion coefficients:
kc = [ -0.123981522403811 ; 0.118045849629442 ; 0.003176332295977 ; 0.001686772087973 ; 0.000000000000000 ];

%-- Focal length uncertainty:
fc_error = [ 3.996424838904266 ; 3.830904001558330 ];

%-- Principal point uncertainty:
cc_error = [ 6.071214623130283 ; 4.849903632471124 ];

%-- Skew coefficient uncertainty:
alpha_c_error = 0.000000000000000;

%-- Distortion coefficients uncertainty:
kc_error = [ 0.016731287522627 ; 0.122749944977730 ; 0.000918050105095 ; 0.001112952623379 ; 0.000000000000000 ];

%-- Image size:
nx = 1292;
ny = 964;


%-- Various other variables (may be ignored if you do not use the Matlab Calibration Toolbox):
%-- Those variables are used to control which intrinsic parameters should be optimized

n_ima = 90;						% Number of calibration images
est_fc = [ 1 ; 1 ];					% Estimation indicator of the two focal variables
est_aspect_ratio = 1;				% Estimation indicator of the aspect ratio fc(2)/fc(1)
center_optim = 1;					% Estimation indicator of the principal point
est_alpha = 0;						% Estimation indicator of the skew coefficient
est_dist = [ 1 ; 1 ; 1 ; 1 ; 0 ];	% Estimation indicator of the distortion coefficients


%-- Extrinsic parameters:
%-- The rotation (omc_kk) and the translation (Tc_kk) vectors for every calibration image and their uncertainties

%-- Image #1:
omc_1 = [ -2.477396e+00 ; -1.639604e+00 ; 5.776711e-01 ];
Tc_1  = [ -1.398075e+02 ; 1.118266e+01 ; 9.222253e+02 ];
omc_error_1 = [ 5.299897e-03 ; 3.372173e-03 ; 9.418421e-03 ];
Tc_error_1  = [ 4.188905e+00 ; 3.351895e+00 ; 2.767648e+00 ];

%-- Image #2:
omc_2 = [ -2.108910e+00 ; -2.258807e+00 ; 1.188712e-01 ];
Tc_2  = [ -1.640015e+02 ; -9.844632e+01 ; 5.939511e+02 ];
omc_error_2 = [ 3.993819e-03 ; 4.229743e-03 ; 8.817706e-03 ];
Tc_error_2  = [ 2.706328e+00 ; 2.186025e+00 ; 2.187653e+00 ];

%-- Image #3:
omc_3 = [ 1.826434e+00 ; 1.723907e+00 ; -1.105728e+00 ];
Tc_3  = [ -1.227284e+02 ; -3.340571e+01 ; 7.047499e+02 ];
omc_error_3 = [ 2.749839e-03 ; 4.066481e-03 ; 5.855542e-03 ];
Tc_error_3  = [ 3.206355e+00 ; 2.568491e+00 ; 1.951033e+00 ];

%-- Image #4:
omc_4 = [ -2.331656e+00 ; -1.389297e+00 ; 1.063695e+00 ];
Tc_4  = [ -1.283856e+02 ; 2.360281e+01 ; 9.785064e+02 ];
omc_error_4 = [ 5.036888e-03 ; 2.498209e-03 ; 6.651476e-03 ];
Tc_error_4  = [ 4.456511e+00 ; 3.557534e+00 ; 2.730942e+00 ];

%-- Image #5:
omc_5 = [ -1.911641e+00 ; -2.076479e+00 ; 8.482931e-01 ];
Tc_5  = [ -4.003024e+01 ; -4.149002e+01 ; 9.515122e+02 ];
omc_error_5 = [ 4.383819e-03 ; 3.874076e-03 ; 7.332526e-03 ];
Tc_error_5  = [ 4.310893e+00 ; 3.450091e+00 ; 2.731231e+00 ];

%-- Image #6:
omc_6 = [ -1.772834e+00 ; -2.263414e+00 ; 5.001784e-01 ];
Tc_6  = [ -1.384751e+02 ; -9.173812e+01 ; 8.607619e+02 ];
omc_error_6 = [ 3.941320e-03 ; 4.581886e-03 ; 7.784454e-03 ];
Tc_error_6  = [ 3.906904e+00 ; 3.147503e+00 ; 2.725446e+00 ];

%-- Image #7:
omc_7 = [ 1.846996e+00 ; 1.929757e+00 ; -6.525545e-01 ];
Tc_7  = [ -1.371109e+02 ; -6.716836e+01 ; 6.909031e+02 ];
omc_error_7 = [ 2.666178e-03 ; 3.952231e-03 ; 6.351188e-03 ];
Tc_error_7  = [ 3.136561e+00 ; 2.519232e+00 ; 2.153829e+00 ];

%-- Image #8:
omc_8 = [ 1.992089e+00 ; 2.064007e+00 ; -2.104604e-02 ];
Tc_8  = [ -1.213125e+02 ; -5.521539e+00 ; 9.179553e+02 ];
omc_error_8 = [ 5.875712e-03 ; 5.831014e-03 ; 1.171447e-02 ];
Tc_error_8  = [ 4.172897e+00 ; 3.353862e+00 ; 3.497827e+00 ];

%-- Image #9:
omc_9 = [ 2.026184e+00 ; 2.020067e+00 ; 1.265120e-01 ];
Tc_9  = [ -1.262410e+02 ; -6.467652e+01 ; 8.758696e+02 ];
omc_error_9 = [ 5.144206e-03 ; 5.140711e-03 ; 1.010755e-02 ];
Tc_error_9  = [ 3.986479e+00 ; 3.195114e+00 ; 3.329534e+00 ];

%-- Image #10:
omc_10 = [ 1.786074e+00 ; 1.690635e+00 ; 4.413728e-01 ];
Tc_10  = [ -1.662276e+02 ; -9.765323e+01 ; 5.796100e+02 ];
omc_error_10 = [ 3.654525e-03 ; 3.501195e-03 ; 5.454192e-03 ];
Tc_error_10  = [ 2.677748e+00 ; 2.142993e+00 ; 2.273319e+00 ];

%-- Image #11:
omc_11 = [ 2.435154e+00 ; 1.519570e+00 ; -1.028556e+00 ];
Tc_11  = [ -1.453240e+02 ; 1.568807e+00 ; 7.919096e+02 ];
omc_error_11 = [ 3.208010e-03 ; 3.705468e-03 ; 7.231325e-03 ];
Tc_error_11  = [ 3.608797e+00 ; 2.883662e+00 ; 2.247350e+00 ];

%-- Image #12:
omc_12 = [ 1.564541e+00 ; 1.997262e+00 ; 3.874345e-01 ];
Tc_12  = [ -1.234738e+02 ; -6.545118e+01 ; 7.358507e+02 ];
omc_error_12 = [ 3.693807e-03 ; 3.981198e-03 ; 6.000054e-03 ];
Tc_error_12  = [ 3.348475e+00 ; 2.700131e+00 ; 2.755968e+00 ];

%-- Image #13:
omc_13 = [ -1.122752e+00 ; -2.351361e+00 ; 6.630951e-01 ];
Tc_13  = [ -6.296956e+01 ; -1.766367e+02 ; 8.452307e+02 ];
omc_error_13 = [ 3.365516e-03 ; 4.524426e-03 ; 5.809630e-03 ];
Tc_error_13  = [ 3.864436e+00 ; 3.085399e+00 ; 2.671578e+00 ];

%-- Image #14:
omc_14 = [ -1.997637e+00 ; -2.145183e+00 ; 4.763943e-01 ];
Tc_14  = [ -1.195922e+02 ; -1.148907e+02 ; 6.751085e+02 ];
omc_error_14 = [ 3.913117e-03 ; 3.577974e-03 ; 7.516026e-03 ];
Tc_error_14  = [ 3.076047e+00 ; 2.455268e+00 ; 2.156177e+00 ];

%-- Image #15:
omc_15 = [ 1.957646e+00 ; 2.193944e+00 ; -4.091652e-01 ];
Tc_15  = [ -1.373149e+02 ; -8.474232e+01 ; 6.521639e+02 ];
omc_error_15 = [ 3.205031e-03 ; 4.203539e-03 ; 7.728443e-03 ];
Tc_error_15  = [ 2.958312e+00 ; 2.376426e+00 ; 2.170960e+00 ];

%-- Image #16:
omc_16 = [ -2.068442e+00 ; -2.172855e+00 ; -1.676958e-01 ];
Tc_16  = [ -1.331090e+02 ; -1.051619e+02 ; 4.892090e+02 ];
omc_error_16 = [ 3.087640e-03 ; 3.837671e-03 ; 7.129792e-03 ];
Tc_error_16  = [ 2.250904e+00 ; 1.812668e+00 ; 1.845572e+00 ];

%-- Image #17:
omc_17 = [ 1.890860e+00 ; 2.245503e+00 ; -1.283251e-01 ];
Tc_17  = [ -1.342006e+02 ; -1.225010e+02 ; 7.273108e+02 ];
omc_error_17 = [ 4.036567e-03 ; 5.274690e-03 ; 9.384714e-03 ];
Tc_error_17  = [ 3.313418e+00 ; 2.651795e+00 ; 2.580595e+00 ];

%-- Image #18:
omc_18 = [ NaN ; NaN ; NaN ];
Tc_18  = [ NaN ; NaN ; NaN ];
omc_error_18 = [ NaN ; NaN ; NaN ];
Tc_error_18  = [ NaN ; NaN ; NaN ];

%-- Image #19:
omc_19 = [ 1.578601e+00 ; 1.835826e+00 ; -2.886506e-01 ];
Tc_19  = [ -1.324764e+02 ; -1.069299e+02 ; 6.642021e+02 ];
omc_error_19 = [ 2.782643e-03 ; 4.053972e-03 ; 5.463574e-03 ];
Tc_error_19  = [ 3.018364e+00 ; 2.422610e+00 ; 2.243877e+00 ];

%-- Image #20:
omc_20 = [ 2.139655e+00 ; 2.158688e+00 ; 7.147294e-01 ];
Tc_20  = [ -1.492840e+02 ; -7.020475e+01 ; 8.283384e+02 ];
omc_error_20 = [ 5.257538e-03 ; 3.740004e-03 ; 8.552153e-03 ];
Tc_error_20  = [ 3.791322e+00 ; 3.041130e+00 ; 3.312139e+00 ];

%-- Image #21:
omc_21 = [ 1.918039e+00 ; 1.948325e+00 ; -4.022887e-01 ];
Tc_21  = [ -1.417542e+02 ; -9.562595e+01 ; 6.297399e+02 ];
omc_error_21 = [ 2.867461e-03 ; 3.889100e-03 ; 6.579701e-03 ];
Tc_error_21  = [ 2.866019e+00 ; 2.295988e+00 ; 2.115242e+00 ];

%-- Image #22:
omc_22 = [ 1.366047e+00 ; 1.687765e+00 ; -1.921643e-01 ];
Tc_22  = [ -1.427496e+02 ; -1.075376e+02 ; 6.801072e+02 ];
omc_error_22 = [ 2.858660e-03 ; 4.132921e-03 ; 4.753174e-03 ];
Tc_error_22  = [ 3.091083e+00 ; 2.485636e+00 ; 2.344247e+00 ];

%-- Image #23:
omc_23 = [ -2.044780e+00 ; -2.068781e+00 ; 3.356374e-01 ];
Tc_23  = [ -1.137185e+02 ; -7.963530e+01 ; 6.344625e+02 ];
omc_error_23 = [ 3.651419e-03 ; 3.827389e-03 ; 7.483833e-03 ];
